000000000000000000000000000000000000000000000000000000000000000000000000
000000000000000000000000000000000000000000000000000000000000000000000000
000000000000000000000000000000000000000000000000000000000000000000000000
000000000000000000000000000000000000000000000000000000000000000000000000
000000000000000000000000000000000000000000000000000000000000000000000000
000000000000000000000000000000000000000000000000000000000000000000000000
000000100000000000100000000000000000000000100000111100100000000000000000
000000100000000000100000000000000000000000100000000000100000000000000000
000000100000000000100000000000000000000000100000000000100000000000000000
000000100000000000100000000000000000000000100000000000100000000000000000
000000000000000000000000000000000000000000000000000000000000000000000000
000000000000000000000000000000000000000000000000000000000000000000000000
000000000000000000111100000000000000000000111100000000000000000000000000
000000000000000000000000000000000000000000000000000000000000000000000000
000000000000000000000000000000000000000000000000000000000000000000000000
000000000000000000000000000000000000000000000000000000000000000000000000
000000000000000000000000000000000000000000000000000000000000000000000000
000000000000000000000000000000000000000000000000000000000000000000000000
000000000000000000000000100000100000000000000000111100000000100000000000
000000000000000000000000100000100000000000000000000000000000100000000000
000000000000000000000000100000100000000000000000000000000000111000000000
000000000000000000000000100000100000000000000000000000000000000000000000
000000000000000000000000000000000000000000000000000000000000000000000000
000000000000000000000000000000000000000000000000000000000000000000000000
000000100000000000101000000000000000000000100000000000101000000000000000
000000100000000000101000000000000000000000100000000000101000000000000000
000000100000000000111000000000000000000000111000000000111000000000000000
000000100000000000000000000000000000000000000000000000000000000000000000
000000000000000000000000000000000000000000000000000000000000000000000000
000000000000000000000000000000000000000000000000000000000000000000000000
000000000000100000100000100000101000000000000000101000111100000000000000
000000000000100000100000100000101000000000000000101000000000000000000000
000000000000111000100000111000111000000000000000111000000000000000000000
000000000000000000100000000000000000000000000000000000000000000000000000
000000000000000000000000000000000000000000000000000000000000000000000000
000000000000000000000000000000000000000000000000000000000000000000000000
000000000000000000100000000000100000000000100000100000000000100000000000
000000000000000000100000000000100000000000100000100000000000100000000000
000000000000000000111000000000100000000000111000111000000000100000000000
000000000000000000000000000000100000000000000000000000000000100000000000
000000000000000000000000000000000000000000000000000000000000000000000000
000000000000000000000000000000000000000000000000000000000000000000000000
000000100000000000000000111100000000000000000000100000000000000000000000
000000100000000000000000000000000000000000000000100000000000000000000000
000000111000000000000000000000000000000000000000100000000000000000000000
000000000000000000000000000000000000000000000000100000000000000000000000
000000000000000000000000000000000000000000000000000000000000000000000000
000000000000000000000000000000000000000000000000000000000000000000000000
000000101000100000000000000000101000000000000000100000000000100000000000
000000101000100000000000000000101000000000000000100000000000100000000000
000000111000111000000000000000111000000000000000100000000000111000000000
000000000000000000000000000000000000000000000000100000000000000000000000
000000000000000000000000000000000000000000000000000000000000000000000000
000000000000000000000000000000000000000000000000000000000000000000000000
000000000000000000000000000000000000000000000000000000000000000000000000
000000000000000000000000000000000000000000000000000000000000000000000000